7829.07653231	3177.21371441	1234.65048439	1491.78650462	829.470594095	777.138388881	421.075514954	429.969120482	541.626184105	545.83403849	819.823753385	536.282202126	592.358785761	645.778551644	431.357007833	1008.67318449	716.300929115	570.670905258	370.11216512	589.546272552	474.526860967	904.888757025	588.975646066	526.424296207	685.626926461	522.278760774	515.900672526	271.683969686	184.318581812	446.982534328	387.392001205	321.159176626	170.719626237	101.833293943	122.431273152	159.210706738	51.3581320045	143.427126554	0	151.054526377	151.341338276	325.048509585	198.945742716	151.725765446	102.60783574	118.686742487	44.5097356709	148.815110499	97.8176493244	109.95922517	55.6776542446	0	115.662452926	211.676343924	0	165.878382512	59.1486349886	116.518390902	52.4421356805	301.212476359	0	247.191385261	0	0	0	52.4652711712	0	108.415717661	0	0	0	0	132.12132819	0	229.321908677	146.444487202	0	0	0	0	0	0	46.9288176347	0	147.270074691	0	48.2354182497	0	0	0	105.058184398	54.2826214586	51.1190543905	0	119.30589627	53.3616979158	0	177.120873566	125.416434375	111.564625416	0	0	107.249309059	0	0	159.27682725	0	0	45.5041664084	0	0	43.3826732639	0	48.2266413333	49.6057240159	0	0	0	0	48.6805482397	0	56.5486420508	50.3049605439	0	0	46.6173270399	0	59.9946207954	0	0	0	0	0	49.4171372637	0	0	51.0036853829	90.3234503554	0	0	47.7935139281	44.6509662183	0	0	0	0	0	67.4222203101	0	0	44.2623940479	47.4934370344	0	0	0	48.618967351	86.58255519	49.7222334506	54.3138201112	0	0	0	51.3417474532	0	0	0	0	0	0	0	0	52.2420730173	0	64.6057596505	47.3126286551	0	0	0	0	0	0	56.1412629177	0	0	0	0	49.933652904	0	0	0	0	97.8102455702	45.9101100713	0	49.2658714703	0	0	0	0	0	0	50.0076490445	0	52.6542885033	56.546567077	0	0	46.6851741082	0	0	0	0	0	0	0	0	0	0	0	0	0	0	0	0	0	0	0	0	0	0	43.5738242851	0	53.9293605477	0	0	0	0	44.5555784548	0	0	0	0	0	0	0	0	0	46.3822605271	52.2936692429	0	0
3177.21371441	9487.16879887	3677.86256466	1597.00399034	1275.03980053	1637.49063784	973.100452788	1402.80489634	1202.60565481	1442.79596497	1281.64309626	1360.84581217	1377.88131367	782.106277948	1055.4997333	539.908055071	929.48180611	651.649073588	1056.57764967	612.002594913	1298.21150884	861.077015934	504.41344204	701.311185494	924.277424163	2033.14802253	272.734698153	310.235909214	0	212.670554168	315.973502635	254.674753574	54.1513142472	48.4514301844	116.503553088	303.004494636	48.8715399623	45.494285413	52.1483944337	47.9136541392	336.03240493	103.103576174	94.6567216913	48.1265674319	195.279802793	56.4701601484	127.064161447	47.2033239002	0	52.3176803494	52.981925125	0	0	50.3569176748	0	52.6156987117	0	0	99.8061194823	0	104.872247632	94.08927616	50.0824954401	0	0	49.9250750874	55.1432833924	0	0	0	104.454503327	98.5179536898	41.908149164	46.4313244683	43.6437790345	0	42.2090656761	45.1045355143	0	0	42.3806136255	227.45007396	89.3133568882	47.3422832884	0	0	0	45.6980471396	90.7059049748	0	99.9716122214	51.6544352438	48.644037701	48.546900514	0	0	52.6635124051	0	0	159.244549108	0	157.432026155	102.056649824	100.697720754	0	50.5217221643	0	0	43.3010041503	0	40.000910488	41.2822267348	43.3892388341	45.8916657825	0	0	0	44.1026450465	46.2511070086	46.3235960076	0	0	0	0	0	44.3602692007	0	57.0898783364	0	0	0	0	0	0	0	0	0	0	55.8520400344	0	0	0	0	0	0	0	0	0	0	41.0419257103	0	90.3879216546	42.6217190064	47.3318536627	0	0	0	0	0	0	0	0	0	0	0	0	0	45.0444603616	0	0	0	49.712683455	112.186385151	0	0	0	0	0	0	53.9139226099	45.7046719902	53.4230873891	55.3183670911	0	0	0	0	94.4294039677	0	0	0	46.5372973912	0	92.8858911083	0	0	43.1039092096	42.1046383911	40.5199974833	0	0	0	0	0	0	0	0	0	0	0	87.5254991533	0	0	0	0	0	0	0	0	48.1752589264	45.3628818868	42.9176893644	87.2246738591	90.6077744071	0	0	0	0	0	84.4930643843	0	44.1449072383	0	0	0	0	0	0	45.7073090125	43.9730803452	0	50.7295287938	0	0	0	0	0	44.1365838362	0	0	0
1234.65048439	3677.86256466	9610.85419799	3477.693052	1903.9352969	1708.16111735	1234.03987827	1832.87889229	1459.0663952	1470.40177578	982.900445095	1611.3631867	675.117825319	602.182571093	1781.33284956	940.578484811	667.944040682	851.432608534	1183.28981591	449.79258032	829.672390583	731.293731091	604.135821407	1030.86022952	1172.12482713	885.49118154	320.715094072	304.011369174	343.750770951	156.302666218	258.028203446	349.39098125	106.129656161	142.437917643	285.415095706	395.900059898	335.236906348	178.325971781	51.1020946355	281.7139183	188.165878151	0	46.378769685	94.3219222797	334.883027069	110.674297812	41.5049199091	185.024965869	91.2140600187	153.80395205	51.9189014564	0	161.78126334	49.3465618744	56.2213148555	103.120045941	0	54.3261649324	48.9018100977	93.6259563473	51.3840510463	138.302218507	196.310582472	0	0	48.9233837304	108.073788926	50.5483307254	45.089953765	111.140609045	0	0	0	0	42.7681149284	45.5193799801	82.7243750102	0	44.930944747	43.4225212158	41.5302935349	89.1546160192	0	46.3924127893	0	0	0	0	133.328987125	44.3575414793	0	0	47.6680489408	47.572860704	55.6258265154	49.7592934405	0	0	0	52.0164945126	0	154.273326851	50.0044980688	49.3386662371	0	99.0161194886	45.8829560209	0	0	0	0	80.9078891221	85.0373635907	44.9709003176	0	0	0	43.2177743019	0	0	90.1394931779	52.7310895899	0	0	83.8180611567	43.4702295127	0	55.9444331348	52.3493294517	0	0	48.4116014078	97.1623375039	0	0	46.0273608432	47.5604684003	0	0	45.0664931052	0	0	0	0	0	47.3431819465	0	0	0	0	0	0	0	92.764384845	0	0	0	0	0	0	0	0	0	0	0	0	0	0	0	49.6227168677	0	0	0	0	0	149.516561241	0	0	0	0	0	0	0	47.3706127295	55.020520317	0	0	92.5347825248	41.219952281	0	0	45.6035780429	0	0	0	0	42.2390769939	0	39.7070085956	0	0	0	0	0	52.7291546958	0	38.130141814	0	0	0	0	46.6725881377	0	0	44.7820050357	0	0	0	0	94.4173513868	0	0	0	0	0	0	0	0	44.4032831595	0	0	0	0	41.1038379445	0	0	0	0	0	0	0	49.7116969638	0	0	0	94.7147679156	43.4616041496	0	0	0	0
1491.78650462	1597.00399034	3477.693052	11678.0003185	5373.73253754	2936.9071001	1234.06874043	1857.0391519	1169.64333212	1113.24519455	1201.35086319	579.051493683	1066.00044508	570.502094356	1596.88581043	1361.39543649	984.36160833	1293.9837672	799.258305399	636.563451786	960.695762929	651.36997436	1335.4893657	909.451848512	740.306678653	1332.92842649	618.938341365	410.691630202	132.678839224	301.643779067	119.510594582	57.795348605	122.889844416	274.886620938	132.195346613	57.3026646427	166.362054896	154.865650094	59.1722303289	163.10134623	163.411031799	0	53.7029893147	382.260941064	0	64.0760920696	0	0	52.8093751064	59.3643172628	120.236057536	0	249.773406108	0	0	59.7024755392	0	0	169.87341857	108.411537595	118.997427617	106.762104201	113.656153284	203.74193117	102.169950816	0	0	58.5310150153	52.2106412415	0	0	0	47.5527325803	52.685131647	49.5221333945	0	95.7883587128	0	0	50.2798847126	96.177665992	0	0	322.312721778	53.0050263255	103.774960714	0	103.706179271	0	0	56.7183642849	175.835220218	0	0	0	0	0	254.995363745	0	60.2310338971	68.8233099775	0	0	114.260636224	0	0	0	0	0	0	90.777218147	46.8425050353	98.4666186551	0	0	52.4260075498	46.8048116912	0	0	0	0	0	54.3168548707	99.9333013789	0	100.670254381	112.634952377	64.7792797278	60.6164307349	144.66126427	0	0	56.2531952465	0	0	159.888256049	0	0	0	0	51.6051167068	48.2119462115	0	0	0	54.819703314	0	0	112.660780101	46.5698380103	47.7923848411	0	0	53.7069525772	0	0	0	0	0	99.6743565186	0	0	0	0	0	0	106.033361285	0	0	0	0	0	0	0	51.0858801285	0	49.1022778238	96.9534238489	108.479787993	0	0	0	0	0	0	66.8765046878	53.9159349024	107.148043618	0	0	0	0	0	0	0	0	48.9095488275	0	0	0	0	0	0	0	0	46.0077094628	44.1517231335	0	0	0	0	0	52.3819926523	0	51.854060689	0	50.498894444	0	0	0	0	48.6982471433	0	0	0	0	0	51.4403095349	102.831060731	0	0	50.0907582549	58.2303060865	0	52.4266650647	0	0	0	51.8635989847	0	0	115.124517058	0	0	51.1209313926	0	0	0	56.4641660029	0	0
829.470594095	1275.03980053	1903.9352969	5373.73253754	10890.9151539	4983.57912165	2000.18061989	1838.18408874	2267.89044343	1680.52170526	1427.91104961	1452.97976893	1823.76276775	976.04131726	1092.81038253	1117.98631413	793.928745069	1012.02612979	1172.06400209	653.437282156	657.44106268	1136.6816956	1175.0486671	466.779660752	823.258044839	1052.50868293	571.810473602	481.803564599	340.489623851	309.639660618	368.035635222	533.946331148	315.368427588	112.869292752	0	0	56.9239765496	211.961042193	60.7407498134	167.424787109	55.9142272429	120.09168438	55.1265318218	112.112513664	0	0	0	0	0	121.875857059	61.7116191898	184.011719108	64.0985808973	0	0	61.2850506024	131.117522372	0	290.627285804	55.6426388301	61.0758876179	54.7960607937	0	104.571330157	104.878240798	116.302199837	64.22909884	0	0	0	0	172.125751201	0	54.0816930926	50.8348510445	0	49.1637436959	52.5362925719	53.4056244313	0	49.3635571549	0	0	0	217.640269768	53.2628979049	0	106.45519113	0	52.7240683292	0	0	0	56.5458471034	132.235456712	0	122.681484868	0	69.5041066593	0	0	0	0	0	115.785882862	0	0	0	50.4355980337	97.6833374755	46.591756518	48.0841919117	0	53.4531162481	109.963309038	53.8157002127	0	0	0	0	0	0	0	0	0	51.6693954327	0	0	62.2232326445	0	0	0	0	0	0	0	169.593352252	50.0560453548	0	0	0	98.9798676363	0	0	0	56.2728473361	0	0	0	0	0	0	0	0	0	0	0	55.1107904526	0	51.1582470227	97.3500452818	0	0	0	66.0932173572	0	0	0	0	0	0	0	0	214.82187555	0	0	0	99.5234357201	0	0	0	0	0	225.221807977	0	0	0	0	0	0	0	0	0	0	0	96.7653683636	0	0	0	0	0	0	0	0	0	141.681803496	0	0	0	0	0	0	53.7705185816	0	0	0	0	0	0	56.1129710976	0	0	0	52.7684909208	124.925042924	0	57.5589970956	0	0	0	0	0	0	0	53.8163751568	0	0	0	0	0	0	118.176202741	0	0	0	0	0	0	0	0	0
777.138388881	1637.49063784	1708.16111735	2936.9071001	4983.57912165	9527.72088863	4524.3401424	3079.93298542	2611.36965225	2514.69465102	1693.99612759	1321.53115938	825.05779911	735.924024127	891.309989327	1155.00214414	627.915966285	825.421329587	662.792170041	981.923175678	972.340627381	1047.06859813	738.311080645	456.853684144	661.129539548	1373.50306028	497.467589029	209.581381185	0	161.629458585	320.186160595	516.140314724	274.366382867	196.389599466	0	51.1740409515	49.5231106798	92.2016590248	52.843653204	0	48.6446420677	52.2390927143	0	48.7682059418	49.4708336114	114.446076113	128.758220749	191.330613749	188.645267453	0	53.6882967883	160.08777468	0	204.113167658	58.1373363673	53.3171877294	0	280.887998825	101.136766009	193.633454887	0	95.3437039359	152.250632989	0	0	101.181383732	55.8784709628	0	0	0	0	0	0	47.0503614666	0	0	0	0	0	89.8047200898	0	0	0	47.9734654758	47.3360428303	0	0	0	45.9576122918	0	0	0	49.2925752869	0	57.521553794	0	160.09691667	0	0	0	122.925064835	0	51.7086505639	51.020127194	50.3660973784	153.585880887	0	0	0	84.9832184362	0	0	0	139.510523645	0	46.8189511606	41.7989523724	0	46.8677412911	0	0	0	97.0151378768	0	86.6745793414	44.9516942398	50.2942201855	57.8510185219	0	0	0	0	0	0	141.780484424	0	49.1813284033	87.096201796	0	0	0	0	127.550417881	49.1340513288	0	48.9566368306	0	0	0	0	0	0	0	47.962896799	0	0	0	0	52.3731923228	0	0	0	0	47.5660505163	0	0	0	136.935021756	0	0	47.9923420326	50.3754685617	0	0	0	0	0	0	0	0	0	0	0	0	0	0	96.2990561726	0	42.624727596	0	0	0	0	0	0	42.092298693	0	0	123.180668442	0	0	0	0	0	0	41.0871016699	0	0	0	0	0	0	0	0	0	0	0	0	91.3391000941	97.6350932131	0	43.4898814761	0	0	0	50.0426918348	50.0755702002	45.9386753323	0	0	0	44.7334610041	0	42.5046560848	0	0	0	0	0	89.1186865218	0	0	95.313993867	49.3258932082	0	48.9713228462	0	0	50.4252212588	0	0
421.075514954	973.100452788	1234.03987827	1234.06874043	2000.18061989	4524.3401424	7417.10238552	3594.32688909	3081.36780342	2091.32901922	1529.75819571	1556.61496584	1031.62985541	613.452936607	837.090645272	1251.62552661	748.489707618	834.841606824	497.242392921	560.035466093	681.79500871	945.552202493	800.075566789	440.064393648	656.73418409	893.043272613	179.69465432	170.335662096	192.601399498	0	173.485899529	0	118.927560501	212.818856744	0	110.910159396	0	149.872384155	171.793097368	210.456720421	52.7140802757	113.218459827	0	52.8479810652	53.6093880734	124.020228889	0	0	102.213330692	172.350778043	58.1796692598	0	60.4300176465	55.2971378135	0	0	0	0	164.396263666	52.4580357213	57.580322604	206.639640027	0	49.2931921288	49.4378647187	54.8229296974	60.5530656371	0	50.5272361973	0	286.754796183	0	46.0195104633	101.972855629	47.9254127419	153.025337471	0	0	0	48.6587322131	0	0	0	0	51.2960082678	50.214494849	0	50.1812129727	0	0	0	0	106.832434579	53.3095505464	0	55.7596396257	0	61.6934147274	0	58.2890308136	199.812809597	115.251169035	0	0	54.5795464315	55.4781102994	0	54.6767369732	0	46.0463065233	43.9251638515	0	0	0	103.66976324	50.7356585432	0	0	0	0	0	59.0897970872	0	0	0	0	0	62.6906295282	58.6620014685	0	0	0	54.4394478882	0	0	0	0	0	0	0	0	0	0	0	0	53.0521754138	0	0	0	0	0	0	0	0	0	0	45.2366797144	0	0	0	0	0	0	0	0	0	51.3072868197	0	0	55.6065936326	0	109.17940315	0	0	49.4387402687	111.697587813	0	0	0	0	0	0	0	0	0	0	0	51.8466578771	0	0	0	0	0	0	0	0	47.3325794732	92.4705521787	0	128.365782118	0	52.2548681575	0	0	0	44.5243028556	0	0	0	0	0	0	50.6930627989	55.1993894237	0	0	48.8706805089	0	0	0	0	0	0	0	0	0	0	49.7817419615	49.7577617361	0	0	0	0	46.0604448446	0	0	0	0	0	48.2870198617	0	0	0	0	98.9453227801	0	48.7025280581	0	0	0	0
429.969120482	1402.80489634	1832.87889229	1857.0391519	1838.18408874	3079.93298542	3594.32688909	9437.76838601	4880.20798016	3559.16720833	1874.4821656	1335.1736897	983.191141378	751.691732936	1249.28065593	1076.26216099	1042.22547601	974.256496397	564.16081296	800.609694795	886.06676295	836.786917895	1256.88322313	617.868716329	670.605175308	1013.22820793	489.306706149	289.888916269	196.669365481	238.466926512	236.200165172	171.339674124	182.159173737	271.642298728	195.952686125	0	54.7995277217	0	58.4738559214	107.450905794	53.8274630755	0	0	0	54.7416808171	126.639680636	47.492235379	105.85792298	104.372195339	234.654703073	0	59.0480843256	0	0	0	0	189.336165642	62.1630162848	55.9561681051	53.5660105618	58.7964861121	52.7510275022	0	0	100.964100057	167.942561563	0	0	51.5944303019	127.173259857	0	0	0	104.126641163	48.9376533034	0	0	151.726786972	51.412483349	49.6864613364	47.5212692914	51.007832546	50.0734147163	53.0847762824	52.3794397344	51.275083492	51.4675677712	0	0	0	112.097902778	0	54.5444300414	54.4355103722	63.6501612775	113.874696376	0	0	0	0	68.0110296551	117.68540802	0	0	55.7323300502	56.649872634	0	0	0	0	44.8529144952	0	145.956714162	0	52.9296947195	51.8072547707	0	0	0	103.88504989	0	0	53.6757855527	0	0	49.7410518204	55.6527947349	0	0	0	61.7048979831	0	0	0	52.2954736346	0	0	0	0	0	0	0	0	0	0	54.1726991769	145.546029241	0	55.6655561824	46.0202020941	0	0	0	0	0	0	46.1921311014	0	0	0	46.8584314421	50.6440200154	54.7820452776	0	63.626565049	112.707244157	0	0	57.3165751244	0	0	55.7426996819	0	68.9348498235	50.482944071	0	0	143.713710951	0	0	0	0	0	0	0	0	53.2795974028	0	0	54.6990134341	52.6778656904	0	0	0	0	186.308013163	0	0	45.4349653619	0	0	0	0	0	0	45.4647080133	0	0	0	0	0	0	51.7637593546	0	0	48.9091047057	0	0	0	0	0	48.1234908884	0	50.7991281762	0	0	55.4108487875	0	50.8087036436	0	0	0	0	0	0	0	0	0	51.2514839771	0	0	0	0	0	0	0	49.7311822007	0	0	0	0
541.626184105	1202.60565481	1459.0663952	1169.64333212	2267.89044343	2611.36965225	3081.36780342	4880.20798016	14092.5853042	4628.35303057	2448.71343999	1370.43697437	1513.73731756	1104.71168695	644.205353987	1515.80676368	544.60086683	954.533612202	1326.57580992	952.488291985	744.110738527	945.977276402	615.719416566	550.327781278	955.67915575	1290.53129267	359.550872452	227.216315544	192.687983644	175.229544988	520.69167085	335.742134972	59.4905122506	212.914529667	63.9952709236	55.4800095829	53.6901640755	0	0	105.275665722	158.213333825	56.6346786477	155.984492888	52.8717389263	0	124.075982303	139.59240248	155.572396966	51.129640397	229.90434467	0	0	60.4571840195	110.643993391	126.058443649	57.8034884711	61.8344124568	60.9045859064	0	52.4816182821	57.6062078938	0	0	0	0	0	0	0	0	124.598759726	57.3767414159	54.1158013649	0	51.0093488127	0	0	46.3707847833	0	0	0	46.5592469754	0	49.0597266749	52.0101261271	51.319068438	0	0	0	0	0	0	56.7474465836	0	53.3335159065	0	0	0	61.7211490617	0	58.3152347039	0	57.651490155	168.178809537	55.3131449659	0	111.006101075	51.4389786229	0	0	46.067006685	43.9449104515	0	95.33464073	0	103.716368082	101.516933615	0	0	50.811362316	0	50.5272966778	0	0	0	0	0	0	0	0	0	0	54.2738207359	0	0	153.710406453	51.6008695996	0	0	0	0	49.9636864581	0	0	0	0	0	0	0	0	0	92.5444561962	0	93.648249611	103.997336327	0	0	0	0	0	48.2519817299	0	49.6187806194	53.6730355466	0	62.3385065359	55.2127972893	0	0	0	0	0	0	184.871566267	0	0	0	0	0	0	0	0	0	60.7726338847	0	0	0	52.2010032816	103.739931185	0	0	0	0	47.994762392	0	0	45.6340967302	47.3538578802	0	89.0303565181	0	0	52.2783593841	0	0	0	44.5443187991	42.747366773	48.8050199634	0	0	0	0	0	0	0	0	0	50.69170102	49.5123509331	0	0	0	47.9124154317	0	235.656272041	0	54.2891095352	0	0	0	0	0	56.3781450626	0	0	0	88.4538590022	46.5787252057	50.2139470584	144.926182015	53.8984554266	0	0	0	0	0	48.7244223268	0	0	0	61.4949043529
545.83403849	1442.79596497	1470.40177578	1113.24519455	1680.52170526	2514.69465102	2091.32901922	3559.16720833	4628.35303057	8689.6741107	3084.67164549	1883.29609014	2357.58694122	1051.44443873	1363.34129079	1062.66640421	1440.68355719	1683.41130008	946.957998893	903.42409804	437.436813725	762.661203983	930.754343817	720.984209059	1143.68571206	1050.45015625	301.953497499	343.472313832	64.7283208525	353.181781128	58.3040985028	281.958742642	299.763448542	0	128.984891047	167.733089212	108.214558101	201.472840672	57.7351917259	106.093544703	0	57.0746693421	0	106.564991232	0	125.039919574	46.89229523	52.2603425297	154.58058855	0	0	0	60.9268714798	0	0	0	62.3147995046	184.133247598	110.498616617	52.889344153	174.161238985	0	0	0	49.844341393	55.273682218	0	57.1095487704	0	0	173.467491426	109.07244617	46.3978815291	51.4056367292	0	0	0	49.9367053177	0	0	46.9209623749	0	0	0	0	151.88207086	50.8174096973	50.5938014345	0	0	55.3409195186	57.1883133639	0	53.747860108	0	0	116.610991333	0	0	58.768281516	0	58.099380384	169.485378462	55.7428687614	55.028297862	111.868499391	0	0	0	0	0	45.704902352	0	0	0	102.30561128	0	0	0	0	0	0	0	0	94.6977196433	0	54.9497672674	0	59.1443187246	0	0	0	54.8870474326	0	0	104.003505996	0	0	0	0	100.7037014	0	0	0	0	0	0	142.062522376	54.9623675073	0	0	0	0	0	0	0	0	0	114.442364095	0	0	0	54.0900174514	0	0	55.641741491	0	0	0	0	0	55.0385365006	62.1026066679	0	0	56.3079810528	0	0	0	0	0	0	0	0	0	0	0	0	0	54.0080344981	0	0	0	154.255508439	0	0	143.165239662	0	0	0	0	0	0	0	0	44.8903803683	0	0	0	0	0	0	0	0	0	0	0	0	0	0	0	0	0	0	0	0	0	0	0	0	0	48.8742694921	0	46.4391524717	0	0	0	0	0	48.6840343232	0	0	52.068426163	0	0	0	0	0	110.185789236	112.679865049	0
819.823753385	1281.64309626	982.900445095	1201.35086319	1427.91104961	1693.99612759	1529.75819571	1874.4821656	2448.71343999	3084.67164549	6433.34806295	3091.30518427	1740.75040251	1134.65900437	1880.53276311	1474.95632358	1457.29119761	1567.36565843	1021.90318445	926.819079488	905.071531486	1411.40808455	958.601604134	749.695307265	1104.28469138	1400.64639958	466.481476555	331.639377916	0	284.178620973	281.477344443	108.898002246	115.774529233	258.970700817	62.2706216844	161.954530605	52.2432337119	145.898937534	55.7461614715	51.2192624403	0	220.433578756	50.593589209	154.340594467	0	60.3660898891	45.2768126946	50.4599258464	149.255145641	111.854253165	0	0	0	107.662178074	61.3306072565	0	180.503992698	118.526459005	0	102.134515575	56.0537415759	0	53.5377341531	95.9726423223	0	53.3694532215	0	0	0	0	55.8304591359	0	0	99.2693308877	0	0	45.1211090254	0	0	47.3686821737	45.30449223	0	0	0	0	0	98.1334067443	0	0	96.777350808	0	0	0	0	0	0	0	0	0	0	194.51533243	56.0978034967	0	53.8224758586	0	0	0	0	0	0	85.5212222461	0	0	0	0	0	132.284447063	0	0	49.5195046948	0	0	0	0	0	0	0	0	0	136.285385084	117.652963101	0	52.9961383586	0	49.8559889976	100.420489922	0	0	59.705325084	0	0	136.261431592	44.8520983432	0	0	0	0	0	0	131.62034091	0	0	0	0	0	0	0	0	110.499719795	0	0	48.2815725568	52.2265667906	0	0	0	0	0	0	54.1323405017	50.6283855511	0	59.9631149671	0	0	0	46.2592586585	91.3398259801	0	0	0	0	0	0	120.041373322	0	0	0	0	0	50.2205431894	0	0	0	50.1149153364	0	0	0	0	0	0	0	0	0	0	0	0	94.9794849082	0	0	0	0	0	0	0	0	0	49.3255781435	0	0	0	45.878621332	46.6211932894	0	0	105.582707112	0	0	0	45.1611603919	0	0	0	0	0	0	129.105089586	45.3234455291	0	47.0068247344	0	0	100.549242349	104.070367614	0	0	47.4113168944	0	0	0	0
536.282202126	1360.84581217	1611.3631867	579.051493683	1452.97976893	1321.53115938	1556.61496584	1335.1736897	1370.43697437	1883.29609014	3091.30518427	9991.8322376	5245.80683272	2552.22798492	2296.25737009	2153.39488439	1954.69981435	1831.161588	1368.21571145	998.566431203	1105.15339877	1186.41540912	1402.18209696	817.346916829	946.249899307	1572.67470866	890.008364224	56.2436185855	127.191211976	289.16772312	171.851413433	110.809839439	117.80709224	158.110348316	0	109.865226557	265.80213686	247.433952092	0	0	0	56.0758897431	102.963642697	104.700154511	159.312932152	61.4258901923	184.286809362	0	0	113.817990946	115.263066595	114.563812089	0	54.7761594333	0	57.2331674456	61.2243201171	60.3036677472	108.564943321	155.891417269	171.113500041	51.1731995313	0	0	0	108.612838076	0	112.220317596	0	0	0	0	0	50.5060625077	0	0	0	0	49.874692369	48.2002971387	138.299603472	0	0	154.490896808	50.8127262689	149.224206775	49.9281291694	0	0	0	54.3724797178	56.1875450485	52.9129598797	0	61.7463309718	0	0	0	0	0	0	0	55.5064882854	54.7673950399	0	54.9554268987	0	0	47.1010303347	0	0	0	0	0	51.3465226607	100.515311685	0	47.9730219411	50.3100294548	0	0	292.665432074	52.0702972843	0	0	0	107.97634489	62.0999938476	174.327963734	0	59.8592521524	53.7383253546	0	51.1513178907	0	51.0917470251	0	0	0	0	0	0	0	0	0	0	0	0	0	0	45.8156808329	49.1601098321	0	154.456862069	0	0	0	0	112.439677092	0	0	0	53.1434678425	51.0596272959	0	0	0	0	0	55.0826997346	51.517228583	54.075388259	0	66.8729500015	0	0	0	0	0	0	49.7156401818	58.1114112493	0	0	0	0	0	51.3581879687	0	0	0	0	0	0	0	90.3676912404	0	45.7996734488	0	0	0	0	0	0	0	0	0	0	0	0	0	0	0	0	0	94.8923838081	0	0	0	0	0	0	47.4396851758	0	0	53.7181701283	0	49.3127265239	0	0	0	0	0	0	50.2582861626	0	43.7905622774	0	0	0	0	0	0	52.9487248974	0	0	48.2436803639	0	0	0	60.888161787
592.358785761	1377.88131367	675.117825319	1066.00044508	1823.76276775	825.05779911	1031.62985541	983.191141378	1513.73731756	2357.58694122	1740.75040251	5245.80683272	10234.1535291	4430.01872244	4227.27754825	1874.02135407	2233.54536995	1500.66675665	1813.54054476	1348.08907197	1424.16662329	1241.50116944	1212.10582133	963.000699317	1371.81835216	1357.12666345	65.5381652744	248.499028907	210.736525248	319.404672894	379.642263677	183.595078338	130.125642501	174.643226222	69.9895280014	364.059996451	293.59585386	109.322796719	375.937874755	57.5682706517	0	61.9394897444	56.8650405737	115.648172081	0	67.8489153367	101.778420198	113.429617288	223.675240162	188.579128622	190.973399548	63.2716136694	0	60.5038525649	68.9329917996	0	473.383875987	133.218694419	0	0	0	113.048295162	0	53.9345822757	270.464385349	0	0	185.932026474	55.2848225111	68.1347875942	0	0	50.3526545184	0	0	167.434026843	50.7142058031	0	0	106.480764691	0	109.312534414	0	0	0	0	0	54.9062181386	108.983173609	0	0	62.0628203358	0	0	0	61.0099030145	0	0	0	0	0	63.0515431265	61.3105485736	0	0	0	0	0	0	0	0	99.2012170421	104.264368454	55.1388509995	170.146782957	0	0	0	0	0	0	0	0	0	0	53.2988775205	0	0	0	0	132.236922206	59.3574969106	0	0	0	0	58.3139221601	0	0	55.2560573804	54.6436444747	0	0	0	0	0	0	0	0	0	0	0	51.2100089104	56.8692371946	54.2536989804	111.174816342	0	0	0	52.7716091778	100.4201442	108.532864552	0	0	0	0	112.276643602	0	0	60.8424463872	0	0	134.791977357	73.8655493435	54.0938350606	0	0	0	0	0	54.9141778986	0	0	0	0	0	57.0905244739	56.7284794152	0	0	0	0	104.980593656	55.80121382	0	99.817028503	0	0	48.6847898335	0	0	0	0	0	0	0	0	53.3764489476	0	46.663764176	52.5809575026	0	55.4662631543	0	0	0	0	0	0	0	54.503516981	103.131234779	104.800473319	0	0	59.3352341442	0	0	0	50.7592218341	0	0	0	0	0	0	0	0	0	0	0	60.9515449426	0	0	0	0	0	0	0	0	134.50991825
645.778551644	782.106277948	602.182571093	570.502094356	976.04131726	735.924024127	613.452936607	751.691732936	1104.71168695	1051.44443873	1134.65900437	2552.22798492	4430.01872244	8262.07854218	4399.02225726	2507.3467659	2058.65619974	1745.92782884	1455.85588228	1585.04834108	1028.34546407	1230.41957055	1261.35093457	1073.70560984	1456.68594252	823.147953047	175.373569129	554.132103055	250.626597488	284.898309493	225.752153538	54.5868943993	58.0338653697	311.551859679	124.856646769	108.243122644	0	146.268429758	111.774679669	51.3489763332	51.4464742221	0	0	103.154310246	52.3202527134	0	0	0	49.8777125116	56.0687632436	0	112.872335962	117.953735656	53.9674174376	122.971856699	56.3881489825	0	59.4133149165	160.443056137	102.393173451	56.1956988921	50.417653397	53.6733196259	0	96.4980824685	0	0	0	0	121.54791367	0	158.372268718	0	0	93.5459178387	0	45.2353792125	0	49.1383180291	0	45.4192268391	0	0	101.473278455	0	0	0	48.9745143258	0	0	0	110.715929331	52.131727073	0	60.8346779561	0	112.878781662	0	0	0	0	56.2398724006	0	107.917564892	0	0	0	0	0	0	0	44.2420875984	46.5001686478	49.1820150746	0	0	0	0	0	0	49.290117398	0	0	47.1927992564	45.8334291533	0	53.1910646746	0	0	0	0	0	0	0	0	100.674806991	0	46.0563826773	119.713060229	49.2865592552	0	0	0	0	51.798847422	0	46.3693290477	68.7578600537	0	0	0	0	0	0	0	0	176.595525495	0	166.169344098	0	0	0	0	50.3057579975	0	0	50.0735096765	0	0	0	0	0	0	0	0	0	185.505644937	91.5711460703	51.2288174961	57.7794531821	48.9816141662	57.2534259653	0	0	0	0	0	0	0	0	0	0	0	0	0	0	0	0	43.4252078905	0	0	0	0	0	115.333518467	0	0	0	92.7913366656	83.2450408937	0	0	98.9481115816	0	0	93.4913462645	0	0	0	0	48.6153183316	0	0	0	0	0	0	0	0	0	0	0	0	0	0	0	0	0	0	0	0	0	0	0	48.2830011562	0	0	0	0	0	0
431.357007833	1055.4997333	1781.33284956	1596.88581043	1092.81038253	891.309989327	837.090645272	1249.28065593	644.205353987	1363.34129079	1880.53276311	2296.25737009	4227.27754825	4399.02225726	12796.9872061	4386.42832329	1812.35539585	2504.59077063	1754.54374914	1491.64593362	1587.36942375	1872.70391741	1134.8462586	1465.13101192	1100.89604651	1372.27335808	61.3607659895	174.494785186	197.304189964	179.42750128	118.481295103	114.595158323	365.494322216	0	327.641995426	284.045692497	0	51.1772836385	58.6626023246	107.797744081	54.001211495	0	212.961863245	0	0	190.572686885	47.645534464	159.299428972	157.063643891	58.8530348865	59.6002549599	0	61.9055505949	0	64.5392064466	0	253.263092612	124.727341686	0	161.216745134	0	0	56.3386379453	0	50.6449998667	112.323106308	248.126412301	58.0269095556	0	0	0	55.4122480845	0	0	0	52.2539301937	47.4816849327	0	0	49.8468431125	0	102.344959091	50.2350455302	0	0	0	51.6336987394	51.4064986175	0	152.76059628	0	58.1069393587	0	0	0	0	0	0	0	0	0	0	0	0	111.824454291	56.8327314439	105.342593948	0	0	0	0	0	0	51.6243034718	53.1005452533	0	0	0	0	0	0	0	107.698088752	0	96.2188658669	49.9016098078	111.6648702	0	0	0	0	0	0	0	0	0	0	0	0	51.7340391241	0	0	47.1986005686	0	108.7421658	0	0	0	0	0	0	0	0	0	0	0	0	0	58.140336018	0	0	0	0	0	63.8319437625	0	0	0	0	0	0	0	126.200343651	0	50.6458967952	0	0	48.0592003685	0	0	0	0	0	54.379051118	0	132.601045374	0	0	47.3184061387	54.8755751108	0	0	0	0	0	0	0	47.3642129308	0	43.8333724918	0	0	58.9601938739	0	60.5303844176	0	43.7714610676	0	0	0	98.4588999499	53.5777544327	0	0	102.814922615	0	0	51.9061169179	0	0	0	0	0	0	0	0	0	0	0	0	0	0	0	0	0	0	0	47.6946069625	154.25075236	49.4660545793	0	0	0	54.7574795104	0	0	0	0	0	0	0
1008.67318449	539.908055071	940.578484811	1361.39543649	1117.98631413	1155.00214414	1251.62552661	1076.26216099	1515.80676368	1062.66640421	1474.95632358	2153.39488439	1874.02135407	2507.3467659	4386.42832329	11046.1093409	6275.44263548	2937.26041063	1389.64997601	1526.01015324	1688.89645667	1915.84686927	967.492169756	1037.68919062	875.978641919	1559.87499762	439.420675242	178.514758684	470.982497171	244.748151512	363.63252543	351.705531127	62.3190836916	223.037891111	67.038028312	116.235790536	0	52.3562949406	180.042176387	0	55.2452798424	0	163.401024788	55.3856102161	112.367156206	129.975373093	0	0	53.5606808292	60.2088785022	60.9733128717	60.6034123909	63.331717414	57.9523694052	66.0260468652	242.207390686	0	0	0	0	181.035561222	0	0	0	51.8117485292	0	0	59.3637210728	158.860286784	0	60.1048102458	0	96.4585067389	0	0	0	0	207.63103261	0	0	0	52.3513801719	0	54.48303066	0	0	52.8232248348	0	0	52.0932873957	0	0	0	223.477372482	0	58.4370794088	0	0	68.6725724725	0	0	0	117.450093135	0	114.400642125	0	107.76945407	0	0	48.2573361099	92.0686828417	0	0	0	0	0	0	0	0	0	0	0	0	0	0	51.0512324093	57.1186907848	0	61.4788054783	0	0	0	0	0	0	108.108630754	0	0	0	0	0	0	0	0	0	55.5996094715	0	0	57.1317883691	0	0	0	0	0	0	0	0	54.4514552202	59.4797606298	0	0	0	0	0	0	0	0	51.8386217241	176.478885578	58.2766845262	0	0	0	0	51.8126661209	0	0	49.1663779358	0	0	0	0	0	0	0	67.8279399319	0	0	0	0	0	0	0	106.896087421	0	0	0	0	0	0	0	0	60.3185061955	0	0	0	0	0	0	0	0	0	0	115.69985476	0	0	0	0	0	0	0	0	0	0	0	0	0	52.1721379055	104.294012418	0	0	0	59.0587340336	0	0	0	46.3297695167	0	52.601449388	0	0	58.3811823312	54.1236202	0	0	0	0	50.7938080579	0	0	0
716.300929115	929.48180611	667.944040682	984.36160833	793.928745069	627.915966285	748.489707618	1042.22547601	544.60086683	1440.68355719	1457.29119761	1954.69981435	2233.54536995	2058.65619974	1812.35539585	6275.44263548	12374.9459362	3808.63138734	2033.50589756	1940.02081772	1878.71128721	1364.78778886	1332.47335119	1726.89178009	1163.34981056	1557.53880972	389.050550501	61.4646211554	347.495407258	252.808549648	313.006828961	302.740336267	321.857326932	0	207.737463234	120.063834766	58.0952223746	108.161135495	0	227.826206757	114.12939371	122.562644641	56.2607941161	57.2096487903	232.135586013	134.255909017	0	168.336475641	221.298472817	0	62.9813737064	0	0	59.8609401847	136.401023206	125.092056416	0	0	59.3214241883	56.7875203435	0	111.847046887	0	53.3614747925	0	0	0	122.637545031	0	0	0	0	99.6352170147	0	51.8808093674	55.2182923944	0	53.6172591006	0	52.6746514132	251.896213506	0	0	0	55.529588041	0	54.5628752483	0	53.9125606055	53.8088984597	118.839575091	122.806684808	0	0	0	0	125.205731866	0	0	0	0	0	0	0	0	0	0	0	102.946682961	0	0	49.0735537314	51.578228979	54.5529469879	0	0	0	0	54.9802267088	55.066396789	0	127.933233032	0	0	50.8386780631	52.7325250197	0	67.864634097	63.5035139225	0	0	58.7267656761	0	0	110.881144283	0	57.694279924	0	0	54.6689079368	54.0630025149	50.5082196421	99.7523484699	0	57.4555510415	0	0	0	0	0	0	0	0	0	0	0	97.9403378044	168.734186576	184.315900962	104.421718834	0	0	116.15337704	0	0	0	0	0	60.7636473532	0	112.598976292	0	0	0	0	0	102.881913224	0	0	0	0	0	0	0	66.7438611835	70.0617472036	0	0	0	57.9886630641	0	55.3204307199	0	0	0	49.3781876635	102.47809636	0	0	46.3200369793	51.728834684	0	0	0	0	0	0	158.427816524	51.462316686	0	0	0	0	0	0	103.701087661	52.9040922984	54.8507476931	0	0	0	51.0176824662	51.8434330932	0	0	0	58.7433088588	0	0	0	0	52.4765171038	0	0	54.923680172	0	47.8555681204	50.4003190407	0	0	0	0	0	0	0	57.4479238415	0	0	0	0	66.5403096602
570.670905258	651.649073588	851.432608534	1293.9837672	1012.02612979	825.421329587	834.841606824	974.256496397	954.533612202	1683.41130008	1567.36565843	1831.161588	1500.66675665	1745.92782884	2504.59077063	2937.26041063	3808.63138734	9730.34590686	2882.78405134	2443.97717487	3116.4544586	1853.87192792	1693.20458696	1043.71042653	1642.55045261	1082.55910493	681.897238726	377.056256235	548.156383627	0	54.861377807	371.433633392	56.4126235565	302.84830532	121.36863481	157.828842471	50.9123707309	236.970425617	108.65212729	49.9144844729	50.0092586477	107.409087128	49.3047498671	50.1362888297	0	176.484907019	132.370244507	0	193.937288295	109.004837572	110.38880363	54.8595596554	57.3292821721	0	0	164.438646366	0	115.507073233	103.973931663	199.065408166	54.625808343	98.0183581971	104.347789202	0	0	156.029701555	114.89203285	53.7373634434	0	0	0	0	130.974585323	0	45.4663032926	0	0	0	47.7655834144	46.1619952769	0	0	93.0430009086	0	0	0	0	47.6063557532	0	0	0	0	0	50.5741746365	0	0	0	58.5278528587	0	0	63.1867262283	0	0	52.4513826935	0	0	97.5553118439	0	0	0	0	0	45.2011337265	95.6161194668	98.3503454234	0	0	0	48.182510896	0	47.9131420958	56.0578299103	49.8683402385	45.8744149139	44.5530203556	92.4254268645	0	0	0	0	0	0	51.6460956131	146.964668377	0	97.8623421378	0	44.7697454201	0	0	0	44.2634195768	43.7095198107	0	0	0	0	66.8370312929	51.7169682135	0	0	47.081219258	0	0	94.0811799518	0	85.8310646555	49.2906709065	0	0	0	0	0	0	59.113269818	0	48.674649423	0	0	0	0	103.577279212	0	128.090032028	46.9019801992	0	45.0808336166	0	0	0	0	0	0	0	0	0	0	0	0	50.8189863372	0	96.9613046541	91.0232694617	0	0	173.092415768	44.9038889981	0	0	0	0	0	54.6016562171	0	0	0	40.5357260942	0	45.0995527463	0	0	0	0	0	0	0	0	0	0	0	94.5143886126	0	0	0	0	0	0	0	0	0	0	45.9883581515	0	0	0	0	0	44.1688597284	0	0	51.1098856142	0	0	0	0	0	0	0	51.8397880036	0	0
370.11216512	1056.57764967	1183.28981591	799.258305399	1172.06400209	662.792170041	497.242392921	564.16081296	1326.57580992	946.957998893	1021.90318445	1368.21571145	1813.54054476	1455.85588228	1754.54374914	1389.64997601	2033.50589756	2882.78405134	10003.8283269	4134.9302558	2832.94307289	1551.40667065	1406.48263681	1547.21117463	1311.92895633	1351.87041417	631.783850725	399.252539156	225.720782272	461.856187159	152.488662039	196.64946385	209.067187934	93.5305486197	56.2245592905	146.229824949	94.3415277352	219.555204952	100.667161371	231.231066914	0	199.030947229	45.6812888527	46.4517170902	282.725819754	0	40.8807359068	136.681809936	44.9211552122	100.99395058	204.552414862	101.655738958	106.232178671	0	110.751627999	101.56924466	54.3260859623	374.564153938	192.665543107	92.2179347375	253.056484056	136.222319728	0	216.635845787	86.908663649	96.3752699359	53.2242446585	0	44.4118551718	164.203782233	151.229080825	142.634152734	40.4497056952	0	42.1249339946	89.6696466678	0	87.0697095179	177.020949831	85.5389975994	163.622911775	43.9069189911	0	0	0	88.2739306797	0	0	0	0	0	0	93.902357803	0	109.578562173	98.0219472057	0	54.2265757269	0	0	0	0	0	0	0	48.7635181588	0	48.0591361506	0	40.4732585912	0	0	41.8792520354	0	0	0	79.6270058649	0	0	0	177.567807549	51.9380775177	0	127.509159114	0	85.6329792425	191.620982746	0	0	184.579473598	0	0	0	0	0	0	0	41.4795669364	0	0	87.7935575893	0	0	93.6003696567	0	0	125.284243544	0	0	0	0	43.621167986	0	0	0	133.964792267	0	45.6682445706	0	0	0	43.5937536102	0	45.3066640245	54.7689697415	0	0	0	0	48.8764509772	45.7127067019	0	0	59.3382764134	0	49.0893374183	41.7677929147	0	46.1379952328	104.075333602	0	51.5639131129	0	0	0	0	0	0	0	0	0	44.9177551592	0	0	45.2490910233	0	0	0	0	37.6098315383	0	0	0	0	0	0	0	0	0	37.4863161755	0	0	0	0	0	0	0	0	0	0	0	0	0	0	0	0	0	0	0	0	0	0	0	0	0	0	77.7132304962	0	132.349953497	0	0	97.9281858396	0	46.9829142221	0	0	128.42398192	0	0	49.1171927338	0
589.546272552	612.002594913	449.79258032	636.563451786	653.437282156	981.923175678	560.035466093	800.609694795	952.488291985	903.42409804	926.819079488	998.566431203	1348.08907197	1585.04834108	1491.64593362	1526.01015324	1940.02081772	2443.97717487	4134.9302558	8881.75517257	3920.87272863	2078.06553632	1809.52613369	588.126507288	1914.9732092	1016.69596139	160.102613692	303.528057746	171.602141293	104.036119497	257.61799517	199.334586393	105.960933275	94.807648387	284.961348276	98.8176663991	239.074252258	222.553090726	204.083414033	46.8776758217	93.9333678281	100.874293701	138.915112827	94.1719711016	47.764376639	110.498349942	82.8778723712	0	91.0690496602	0	103.672723571	51.5218914991	0	98.5362233186	0	102.956107675	0	54.2397982401	97.6481338809	46.7385558012	102.60472334	184.109797734	97.9992458417	0	44.047672908	0	0	50.4679699613	180.073082495	55.481959921	0	0	123.006061597	45.4273967515	0	0	0	0	0	0	0	44.5064398626	43.6911217269	0	0	0	0	44.7099741812	0	0	48.9050241865	202.150298374	47.5922671933	0	55.5373936461	49.6801870727	0	0	58.3818746884	51.93379969	59.3424313533	0	0	0	48.6287589959	0	0	0	84.7295190391	0	117.408059234	0	84.9021728254	0	138.550031872	0	40.3571308282	0	90.5021518268	0	44.9980955726	0	0	0	0	86.8022427556	48.5593611496	0	0	0	269.200355537	0	0	46.0077681135	45.6299598754	45.9541874302	47.4848576823	0	0	0	0	83.1408460128	41.0502226287	94.8784227855	0	47.2679166663	0	0	0	0	0	0	0	138.925364715	0	0	0	0	0	85.9435365913	0	0	0	45.9252975185	0	0	0	44.0705191104	0	0	46.3368844487	97.2756138555	0	0	0	49.7596208959	0	0	0	0	44.7164557908	0	54.1222857256	0	0	0	0	0	0	95.4542951716	0	0	85.48539293	0	0	40.6403584012	0	0	0	0	0	93.115079041	0	0	0	39.6698348482	0	0	0	37.9981678258	0	0	90.3320344265	0	0	0	0	0	44.0942153212	0	44.3820557966	0	0	88.6486733664	0	0	0	44.3540573443	0	0	0	86.3808318474	0	0	45.2045356973	0	39.387177455	0	0	0	48.0003484842	0	0	47.6244358395	0	0	130.177529181	43.1822724883	0	0	0
474.526860967	1298.21150884	829.672390583	960.695762929	657.44106268	972.340627381	681.79500871	886.06676295	744.110738527	437.436813725	905.071531486	1105.15339877	1424.16662329	1028.34546407	1587.36942375	1688.89645667	1878.71128721	3116.4544586	2832.94307289	3920.87272863	9534.42696486	3480.89677142	1881.30069096	1681.499734	1766.14785336	1810.13342462	295.319940906	335.926638586	189.918951569	402.99326727	570.232273085	441.223114976	293.178004702	104.927415513	126.151247518	218.730925588	158.755820855	246.308404665	169.400456196	0	207.919628517	223.283228934	153.742910119	104.223886042	0	61.1464711712	91.7242553639	0	100.789758808	113.300246531	57.3693743516	0	297.941905526	0	62.1234573154	113.945641237	0	120.058707163	108.07109439	155.182285874	113.556750143	101.880837545	0	48.6066632588	0	54.0593856389	59.7097153502	111.709840805	49.8235202302	0	56.5522061525	0	0	0	94.5158671242	0	182.817644628	97.6793114546	0	47.9810397571	0	197.028226642	0	102.525424141	0	0	0	0	0	0	0	55.9319546324	0	0	0	0	57.0245937782	60.8341822762	0	114.954425554	0	56.8230066015	110.50799183	0	0	0	0	0	46.8867733862	0	0	0	0	0	51.1129534758	0	0	0	0	150.479000965	0	174.800479235	103.666871471	0	0	0	0	123.635016819	0	0	119.17391916	53.4938761456	0	50.918636669	0	0	0	93.067854716	0	0	0	0	90.8638456904	0	0	0	0	0	0	0	0	97.872972755	0	0	0	50.0962150146	0	0	55.9641012306	0	0	0	0	0	0	0	0	0	0	0	0	0	0	0	0	0	93.7145483883	0	155.27998076	58.3785508298	0	0	0	0	0	0	51.4508462157	0	0	105.643085366	101.739536285	0	0	0	0	44.9783097155	0	45.591336217	0	0	0	0	0	0	0	0	0	0	0	0	0	0	0	54.4306022382	0	0	0	49.963233456	0	0	0	0	0	0	0	0	0	0	0	0	44.8977793921	0	0	181.675759709	0	0	0	0	98.984690162	47.6145044138	0	0	0	0	0	0	48.0242256373	0	0	110.204423407	0
904.888757025	861.077015934	731.293731091	651.36997436	1136.6816956	1047.06859813	945.552202493	836.786917895	945.977276402	762.661203983	1411.40808455	1186.41540912	1241.50116944	1230.41957055	1872.70391741	1915.84686927	1364.78778886	1853.87192792	1551.40667065	2078.06553632	3480.89677142	9482.60139858	3024.30592541	2261.78898651	1736.34859568	1741.44606085	780.906863609	626.35276392	193.152984619	409.855634267	173.982740368	168.276179464	59.6340767101	213.428342008	192.449119244	166.841687297	53.8197309441	150.301598987	172.285090244	105.529720419	158.595139442	170.314053947	312.721839587	52.9993307445	161.288754967	186.563109812	93.2861809691	51.9826097958	51.2530281258	172.844368043	0	173.976974435	181.809243849	55.4555015562	126.362652028	0	0	183.154688565	164.867072981	0	0	103.615714413	165.459883094	49.4343613593	0	0	0	0	50.6719395679	0	57.5152048541	54.2463953954	92.3026085986	0	96.1253296636	153.463581946	0	49.6713213378	50.4932457641	48.7980844337	46.6716052805	50.0958299788	0	0	0	0	0	0	0	49.8488570854	55.0468153445	0	0	53.4622221	62.5121182047	0	0	61.8700965673	0	0	0	0	112.389776112	55.4466284654	0	55.6369923235	51.5631128568	0	0	0	0	45.4620078957	47.7823527092	0	0	0	0	48.5679905351	0	0	0	0	52.7160809001	0	0	0	109.315483671	0	0	70.1989734909	0	0	0	0	0	51.7253945142	53.4482956706	0	0	0	0	46.7910902221	0	53.3969168416	0	0	0	0	0	0	92.7677875197	0	0	52.1241530588	0	0	45.3662316259	0	0	0	0	0	0	51.6928764312	0	0	0	49.6051636404	0	0	0	0	123.545136272	0	99.1606526598	0	0	0	0	0	100.664441976	0	0	0	0	0	0	0	0	0	0	0	48.1105849301	0	0	0	47.4681337665	0	0	0	0	0	0	0	0	0	0	0	0	0	0	0	0	0	0	0	0	0	0	0	0	47.2630593617	0	0	0	0	0	0	49.900261433	0	0	0	0	0	0	0	0	0	0	96.8506150938	0	0	0	0	0	0	0	48.605365591	0	56.0405191886	0
